+-------+--------+-----------+-----------+------------+-----------+-----------+---------+-----------+---------+-----------+-------------------+-------------+----------------------+--------+------------+----+
| uid   | active | announced | completed | downloaded | remaining | uploaded  | upspeed | downspeed | corrupt | timespent | useragent         | connectable | peer_id              | fid    | mtime      | ip |
+-------+--------+-----------+-----------+------------+-----------+-----------+---------+-----------+---------+-----------+-------------------+-------------+----------------------+--------+------------+----+
| 10095 |      0 |         3 |         0 |  142234450 |         0 |         0 |       0 |         0 |       0 |      2656 | Transmission/2.84 |           1 | -TR2840-yq47dwj9ns4h |   7752 | 1510414750 |    |
| 10095 |      1 |       135 |         0 |          0 |         0 |         0 |       0 |         0 |       0 |    428314 | Deluge 1.3.15     |           1 | -DE13F0-oIa8X3)-CEe! |     61 | 1510414477 |    |
| 10095 |      1 |       159 |         0 |          0 |         0 |         0 |       0 |         0 |       0 |    427905 | Deluge 1.3.15     |           1 | -DE13F0-oIa8X3)-CEe! |    194 | 1510414067 |    |
| 10095 |      1 |       154 |         0 |          0 |         0 |         0 |       0 |         0 |       0 |    427645 | Deluge 1.3.15     |           1 | -DE13F0-oIa8X3)-CEe! |    208 | 1510413791 |    |
| 10095 |      1 |       134 |         0 |          0 |         0 |         0 |       0 |         0 |       0 |    427631 | Deluge 1.3.15     |           1 | -DE13F0-oIa8X3)-CEe! |    216 | 1510413779 |    |
| 10095 |      1 |       153 |         0 |          0 |         0 |         0 |       0 |         0 |       0 |    428809 | Deluge 1.3.15     |           1 | -DE13F0-oIa8X3)-CEe! |    373 | 1510414965 |    |
| 10095 |      1 |       160 |         0 |          0 |         0 |         0 |       0 |         0 |       0 |    429514 | Deluge 1.3.15     |           1 | -DE13F0-oIa8X3)-CEe! |    525 | 1510415674 |    |
| 10095 |      1 |       157 |         0 |          0 |         0 |         0 |       0 |         0 |       0 |    427650 | Deluge 1.3.15     |           1 | -DE13F0-oIa8X3)-CEe! |    611 | 1510413805 |    |
| 10095 |      1 |       159 |         0 |          0 |         0 |         0 |       0 |         0 |       0 |    429575 | Deluge 1.3.15     |           1 | -DE13F0-oIa8X3)-CEe! |    637 | 1510415732 |    |
| 10095 |      1 |       158 |         0 |          0 |         0 |         0 |       0 |         0 |       0 |    427578 | Deluge 1.3.15     |           1 | -DE13F0-oIa8X3)-CEe! |   1020 | 1510413739 |    |
| 10095 |      1 |       159 |         0 |          0 |         0 |         0 |       0 |         0 |       0 |    427873 | Deluge 1.3.15     |           1 | -DE13F0-oIa8X3)-CEe! |   1033 | 1510414023 |    |
| 10095 |      1 |       154 |         0 |          0 |         0 |   2359296 |       0 |         0 |       0 |    427854 | Deluge 1.3.15     |           1 | -DE13F0-oIa8X3)-CEe! |   1085 | 1510414002 |    |
| 10095 |      1 |       159 |         0 |          0 |         0 |         0 |       0 |         0 |       0 |    428882 | Deluge 1.3.15     |           1 | -DE13F0-oIa8X3)-CEe! |   1315 | 1510415044 |    |
| 10095 |      1 |       159 |         0 |          0 |         0 |         0 |       0 |         0 |       0 |    427322 | Deluge 1.3.15     |           1 | -DE13F0-oIa8X3)-CEe! |   1845 | 1510413487 |    |
| 10095 |      1 |       158 |         0 |          0 |         0 |         0 |       0 |         0 |       0 |    429133 | Deluge 1.3.15     |           1 | -DE13F0-oIa8X3)-CEe! |   2301 | 1510415281 |    |
| 10095 |      1 |       159 |         0 |          0 |         0 |         0 |       0 |         0 |       0 |    427145 | Deluge 1.3.15     |           1 | -DE13F0-oIa8X3)-CEe! |   2585 | 1510413307 |    |
| 10095 |      1 |       159 |         0 |          0 |         0 |         0 |       0 |         0 |       0 |    427630 | Deluge 1.3.15     |           1 | -DE13F0-oIa8X3)-CEe! |   2791 | 1510413787 |    |
| 10095 |      1 |       159 |         0 |          0 |         0 |         0 |       0 |         0 |       0 |    427532 | Deluge 1.3.15     |           1 | -DE13F0-oIa8X3)-CEe! |   2873 | 1510413690 |    |
| 10095 |      1 |       158 |         0 |          0 |         0 |         0 |       0 |         0 |       0 |    427318 | Deluge 1.3.15     |           1 | -DE13F0-oIa8X3)-CEe! |   3057 | 1510413467 |    |
| 10095 |      1 |       158 |         0 |          0 |         0 |   1146880 |       0 |         0 |       0 |    427264 | Deluge 1.3.15     |           1 | -DE13F0-oIa8X3)-CEe! |   3391 | 1510413424 |    |
| 10095 |      1 |       158 |         0 |          0 |         0 |    196608 |       0 |         0 |       0 |    427398 | Deluge 1.3.15     |           1 | -DE13F0-oIa8X3)-CEe! |   4092 | 1510413560 |    |
| 10095 |      1 |       159 |         0 |          0 |         0 |         0 |       0 |         0 |       0 |    427987 | Deluge 1.3.15     |           1 | -DE13F0-oIa8X3)-CEe! |   4208 | 1510414136 |    |
| 10095 |      1 |       159 |         0 |          0 |         0 |         0 |       0 |         0 |       0 |    428780 | Deluge 1.3.15     |           1 | -DE13F0-oIa8X3)-CEe! |   4327 | 1510414936 |    |
| 10095 |      1 |       158 |         0 |          0 |         0 |         0 |       0 |         0 |       0 |    428453 | Deluge 1.3.15     |           1 | -DE13F0-oIa8X3)-CEe! |   4606 | 1510414614 |    |
| 10095 |      1 |       160 |         0 |          0 |         0 |         0 |       0 |         0 |       0 |    429629 | Deluge 1.3.15     |           1 | -DE13F0-oIa8X3)-CEe! |   4888 | 1510415793 |    |
| 10095 |      1 |       159 |         0 |          0 |         0 |  24903680 |       0 |         0 |       0 |    427584 | Deluge 1.3.15     |           1 | -DE13F0-oIa8X3)-CEe! |   5153 | 1510413743 |    |
| 10095 |      1 |       160 |         0 |          0 |         0 |         0 |       0 |         0 |       0 |    429483 | Deluge 1.3.15     |           1 | -DE13F0-oIa8X3)-CEe! |   6202 | 1510415634 |    |
| 10095 |      1 |       159 |         0 |          0 |         0 |         0 |       0 |         0 |       0 |    428901 | Deluge 1.3.15     |           1 | -DE13F0-oIa8X3)-CEe! |   6353 | 1510415066 |    |
| 10095 |      1 |       159 |         0 |          0 |         0 |         0 |       0 |         0 |       0 |    428591 | Deluge 1.3.15     |           1 | -DE13F0-oIa8X3)-CEe! |   6542 | 1510414755 |    |
| 10095 |      1 |       158 |         0 |          0 |         0 |  11878400 |       0 |         0 |       0 |    428391 | Deluge 1.3.15     |           1 | -DE13F0-oIa8X3)-CEe! |   6612 | 1510414550 |    |
| 10095 |      1 |       158 |         0 |          0 |         0 |         0 |       0 |         0 |       0 |    427551 | Deluge 1.3.15     |           1 | -DE13F0-oIa8X3)-CEe! |   6803 | 1510413715 |    |
| 10095 |      1 |       159 |         0 |          0 |         0 |         0 |       0 |         0 |       0 |    429225 | Deluge 1.3.15     |           1 | -DE13F0-oIa8X3)-CEe! |   7010 | 1510415387 |    |
| 10095 |      1 |       159 |         0 |          0 |         0 |         0 |       0 |         0 |       0 |    429253 | Deluge 1.3.15     |           1 | -DE13F0-oIa8X3)-CEe! |   7087 | 1510415412 |    |
| 10095 |      1 |       158 |         0 |          0 |         0 |   1097728 |       0 |         0 |       0 |    427235 | Deluge 1.3.15     |           1 | -DE13F0-oIa8X3)-CEe! |   7272 | 1510413383 |    |
| 10095 |      1 |       159 |         0 |          0 |         0 |         0 |       0 |         0 |       0 |    427382 | Deluge 1.3.15     |           1 | -DE13F0-oIa8X3)-CEe! |   8368 | 1510413541 |    |
| 10095 |      1 |       159 |         0 |          0 |         0 |         0 |       0 |         0 |       0 |    427336 | Deluge 1.3.15     |           1 | -DE13F0-oIa8X3)-CEe! |   8493 | 1510413495 |    |
| 10095 |      1 |       159 |         0 |          0 |         0 |         0 |       0 |         0 |       0 |    427807 | Deluge 1.3.15     |           1 | -DE13F0-oIa8X3)-CEe! |   9240 | 1510413969 |    |
| 10095 |      1 |       158 |         0 |          0 |         0 |         0 |       0 |         0 |       0 |    426975 | Deluge 1.3.15     |           1 | -DE13F0-oIa8X3)-CEe! |   9318 | 1510413133 |    |
| 10095 |      1 |       158 |         0 |          0 |         0 |         0 |       0 |         0 |       0 |    427467 | Deluge 1.3.15     |           1 | -DE13F0-oIa8X3)-CEe! |   9782 | 1510413623 |    |
| 10095 |      1 |       159 |         0 |          0 |         0 |         0 |       0 |         0 |       0 |    427104 | Deluge 1.3.15     |           1 | -DE13F0-oIa8X3)-CEe! |  10151 | 1510413263 |    |
| 10095 |      1 |       158 |         0 |          0 |         0 |         0 |       0 |         0 |       0 |    428535 | Deluge 1.3.15     |           1 | -DE13F0-oIa8X3)-CEe! |  10420 | 1510414692 |    |
| 10095 |      1 |       159 |         0 |          0 |         0 |         0 |       0 |         0 |       0 |    427046 | Deluge 1.3.15     |           1 | -DE13F0-oIa8X3)-CEe! |  10784 | 1510413209 |    |
| 10095 |      1 |       158 |         0 |          0 |         0 |    229376 |       0 |         0 |       0 |    427181 | Deluge 1.3.15     |           1 | -DE13F0-oIa8X3)-CEe! |  10920 | 1510413344 |    |
| 10095 |      1 |       160 |         0 |          0 |         0 |         0 |       0 |         0 |       0 |    429679 | Deluge 1.3.15     |           1 | -DE13F0-oIa8X3)-CEe! |  11111 | 1510415837 |    |
| 10095 |      1 |       159 |         0 |          0 |         0 |         0 |       0 |         0 |       0 |    429245 | Deluge 1.3.15     |           1 | -DE13F0-oIa8X3)-CEe! |  11305 | 1510415401 |    |
| 10095 |      1 |       159 |         0 |          0 |         0 |         0 |       0 |         0 |       0 |    427265 | Deluge 1.3.15     |           1 | -DE13F0-oIa8X3)-CEe! |  11647 | 1510413428 |    |
| 10095 |      1 |       159 |         0 |          0 |         0 |         0 |       0 |         0 |       0 |    428304 | Deluge 1.3.15     |           1 | -DE13F0-oIa8X3)-CEe! |  12460 | 1510414460 |    |
| 10095 |      1 |       159 |         0 |          0 |         0 |         0 |       0 |         0 |       0 |    427956 | Deluge 1.3.15     |           1 | -DE13F0-oIa8X3)-CEe! |  12884 | 1510414113 |    |
| 10095 |      1 |       159 |         0 |          0 |         0 |         0 |       0 |         0 |       0 |    428270 | Deluge 1.3.15     |           1 | -DE13F0-oIa8X3)-CEe! |  12967 | 1510414434 |    |
| 10095 |      1 |       160 |         0 |          0 |         0 |         0 |       0 |         0 |       0 |    429668 | Deluge 1.3.15     |           1 | -DE13F0-oIa8X3)-CEe! |  13428 | 1510415828 |    |
| 10095 |      1 |       159 |         0 |          0 |         0 |         0 |       0 |         0 |       0 |    427475 | Deluge 1.3.15     |           1 | -DE13F0-oIa8X3)-CEe! |  14333 | 1510413637 |    |
| 10095 |      1 |       160 |         0 |          0 |         0 |         0 |       0 |         0 |       0 |    429485 | Deluge 1.3.15     |           1 | -DE13F0-oIa8X3)-CEe! |  14899 | 1510415636 |    |
| 10095 |      1 |       158 |         0 |          0 |         0 |         0 |       0 |         0 |       0 |    428345 | Deluge 1.3.15     |           1 | -DE13F0-oIa8X3)-CEe! |  14924 | 1510414508 |    |
| 10095 |      1 |       159 |         0 |          0 |         0 |         0 |       0 |         0 |       0 |    427207 | Deluge 1.3.15     |           1 | -DE13F0-oIa8X3)-CEe! |  15019 | 1510413356 |    |
| 10095 |      1 |       160 |         0 |          0 |         0 |         0 |       0 |         0 |       0 |    429588 | Deluge 1.3.15     |           1 | -DE13F0-oIa8X3)-CEe! |  15741 | 1510415745 |    |
| 10095 |      1 |       159 |         0 |          0 |         0 |         0 |       0 |         0 |       0 |    427333 | Deluge 1.3.15     |           1 | -DE13F0-oIa8X3)-CEe! |  16454 | 1510413484 |    |
| 10095 |      1 |       160 |         0 |          0 |         0 |         0 |       0 |         0 |       0 |    429589 | Deluge 1.3.15     |           1 | -DE13F0-oIa8X3)-CEe! |  16567 | 1510415752 |    |
| 10095 |      1 |       159 |         0 |          0 |         0 |         0 |       0 |         0 |       0 |    427270 | Deluge 1.3.15     |           1 | -DE13F0-oIa8X3)-CEe! |  16763 | 1510413429 |    |
| 10095 |      1 |       159 |         0 |          0 |         0 |         0 |       0 |         0 |       0 |    427953 | Deluge 1.3.15     |           1 | -DE13F0-oIa8X3)-CEe! |  16770 | 1510414112 |    |
| 10095 |      1 |       158 |         0 |          0 |         0 |         0 |       0 |         0 |       0 |    427299 | Deluge 1.3.15     |           1 | -DE13F0-oIa8X3)-CEe! |  17567 | 1510413457 |    |
| 10095 |      1 |       159 |         0 |          0 |         0 |         0 |       0 |         0 |       0 |    427761 | Deluge 1.3.15     |           1 | -DE13F0-oIa8X3)-CEe! |  17679 | 1510413914 |    |
| 10095 |      1 |       159 |         0 |          0 |         0 |         0 |       0 |         0 |       0 |    429643 | Deluge 1.3.15     |           1 | -DE13F0-oIa8X3)-CEe! |  17742 | 1510415802 |    |
| 10095 |      1 |       158 |         0 |          0 |         0 |         0 |       0 |         0 |       0 |    428560 | Deluge 1.3.15     |           1 | -DE13F0-oIa8X3)-CEe! |  18457 | 1510414711 |    |
| 10095 |      1 |       159 |         0 |          0 |         0 |         0 |       0 |         0 |       0 |    427902 | Deluge 1.3.15     |           1 | -DE13F0-oIa8X3)-CEe! |  19405 | 1510414059 |    |
| 10095 |      1 |       159 |         0 |          0 |         0 |         0 |       0 |         0 |       0 |    427612 | Deluge 1.3.15     |           1 | -DE13F0-oIa8X3)-CEe! |  19716 | 1510413772 |    |
| 10095 |      1 |       159 |         0 |          0 |         0 |         0 |       0 |         0 |       0 |    427579 | Deluge 1.3.15     |           1 | -DE13F0-oIa8X3)-CEe! |  20039 | 1510413728 |    |
| 10095 |      1 |       159 |         0 |          0 |         0 |         0 |       0 |         0 |       0 |    427091 | Deluge 1.3.15     |           1 | -DE13F0-oIa8X3)-CEe! |  20523 | 1510413246 |    |
| 10095 |      1 |       160 |         0 |          0 |         0 |         0 |       0 |         0 |       0 |    429637 | Deluge 1.3.15     |           1 | -DE13F0-oIa8X3)-CEe! |  20680 | 1510415795 |    |
| 10095 |      1 |       159 |         0 |          0 |         0 |         0 |       0 |         0 |       0 |    428296 | Deluge 1.3.15     |           1 | -DE13F0-oIa8X3)-CEe! |  21225 | 1510414454 |    |
| 10095 |      1 |       159 |         0 |          0 |         0 |   1114112 |       0 |         0 |       0 |    428230 | Deluge 1.3.15     |           1 | -DE13F0-oIa8X3)-CEe! |  21426 | 1510414390 |    |
| 10095 |      1 |       159 |         0 |          0 |         0 |         0 |       0 |         0 |       0 |    427694 | Deluge 1.3.15     |           1 | -DE13F0-oIa8X3)-CEe! |  21514 | 1510413850 |    |
| 10095 |      1 |       159 |         0 |          0 |         0 |  29884416 |       0 |         0 |       0 |    427199 | Deluge 1.3.15     |           1 | -DE13F0-oIa8X3)-CEe! |  22187 | 1510413359 |    |
| 10095 |      1 |       158 |         0 |          0 |         0 |         0 |       0 |         0 |       0 |    427389 | Deluge 1.3.15     |           1 | -DE13F0-oIa8X3)-CEe! |  22528 | 1510413553 |    |
| 10095 |      1 |       159 |         0 |          0 |         0 |         0 |       0 |         0 |       0 |    427378 | Deluge 1.3.15     |           1 | -DE13F0-oIa8X3)-CEe! |  22663 | 1510413537 |    |
| 10095 |      1 |       159 |         0 |          0 |         0 |         0 |       0 |         0 |       0 |    427959 | Deluge 1.3.15     |           1 | -DE13F0-oIa8X3)-CEe! |  22703 | 1510414120 |    |
| 10095 |      1 |       159 |         0 |          0 |         0 |         0 |       0 |         0 |       0 |    427346 | Deluge 1.3.15     |           1 | -DE13F0-oIa8X3)-CEe! |  22742 | 1510413504 |    |
| 10095 |      1 |       159 |         0 |          0 |         0 |         0 |       0 |         0 |       0 |    427723 | Deluge 1.3.15     |           1 | -DE13F0-oIa8X3)-CEe! |  24014 | 1510413882 |    |
| 10095 |      1 |       159 |         0 |          0 |         0 |         0 |       0 |         0 |       0 |    427654 | Deluge 1.3.15     |           1 | -DE13F0-oIa8X3)-CEe! |  24964 | 1510413816 |    |
| 10095 |      1 |       160 |         0 |          0 |         0 |         0 |       0 |         0 |       0 |    429637 | Deluge 1.3.15     |           1 | -DE13F0-oIa8X3)-CEe! |  26043 | 1510415799 |    |
| 10095 |      1 |       159 |         0 |          0 |         0 |         0 |       0 |         0 |       0 |    427653 | Deluge 1.3.15     |           1 | -DE13F0-oIa8X3)-CEe! |  27589 | 1510413812 |    |
| 10095 |      1 |       159 |         0 |          0 |         0 |         0 |       0 |         0 |       0 |    427076 | Deluge 1.3.15     |           1 | -DE13F0-oIa8X3)-CEe! |  27877 | 1510413227 |    |
| 10095 |      1 |       159 |         0 |          0 |         0 |         0 |       0 |         0 |       0 |    428767 | Deluge 1.3.15     |           1 | -DE13F0-oIa8X3)-CEe! |  28171 | 1510414915 |    |
| 10095 |      1 |       160 |         0 |          0 |         0 |         0 |       0 |         0 |       0 |    429589 | Deluge 1.3.15     |           1 | -DE13F0-oIa8X3)-CEe! |  28425 | 1510415748 |    |
| 10095 |      1 |       159 |         0 |          0 |         0 |         0 |       0 |         0 |       0 |    428079 | Deluge 1.3.15     |           1 | -DE13F0-oIa8X3)-CEe! |  28862 | 1510414228 |    |
| 10095 |      1 |       159 |         0 |          0 |         0 |         0 |       0 |         0 |       0 |    427533 | Deluge 1.3.15     |           1 | -DE13F0-oIa8X3)-CEe! |  29618 | 1510413691 |    |
| 10095 |      1 |       160 |         0 |          0 |         0 |         0 |       0 |         0 |       0 |    429502 | Deluge 1.3.15     |           1 | -DE13F0-oIa8X3)-CEe! |  29722 | 1510415664 |    |
| 10095 |      1 |       158 |         0 |          0 |         0 |         0 |       0 |         0 |       0 |    427192 | Deluge 1.3.15     |           1 | -DE13F0-oIa8X3)-CEe! |  30123 | 1510413352 |    |
| 10095 |      1 |       159 |         0 |          0 |         0 |         0 |       0 |         0 |       0 |    426994 | Deluge 1.3.15     |           1 | -DE13F0-oIa8X3)-CEe! |  30213 | 1510413156 |    |
| 10095 |      1 |       160 |         0 |          0 |         0 |         0 |       0 |         0 |       0 |    429611 | Deluge 1.3.15     |           1 | -DE13F0-oIa8X3)-CEe! |  30755 | 1510415773 |    |
| 10095 |      1 |       159 |         0 |          0 |         0 |         0 |       0 |         0 |       0 |    427978 | Deluge 1.3.15     |           1 | -DE13F0-oIa8X3)-CEe! |  34554 | 1510414139 |    |
| 10095 |      1 |       159 |         0 |          0 |         0 |         0 |       0 |         0 |       0 |    428626 | Deluge 1.3.15     |           1 | -DE13F0-oIa8X3)-CEe! |  34704 | 1510414782 |    |
| 10095 |      1 |       159 |         0 |          0 |         0 |         0 |       0 |         0 |       0 |    427248 | Deluge 1.3.15     |           1 | -DE13F0-oIa8X3)-CEe! |  35016 | 1510413411 |    |
| 10095 |      1 |       159 |         0 |          0 |         0 |  78741504 |       0 |         0 |       0 |    427588 | Deluge 1.3.15     |           1 | -DE13F0-oIa8X3)-CEe! |  35787 | 1510413751 |    |
| 10095 |      1 |       160 |         0 |          0 |         0 |         0 |       0 |         0 |       0 |    429632 | Deluge 1.3.15     |           1 | -DE13F0-oIa8X3)-CEe! |  37921 | 1510415796 |    |
| 10095 |      1 |       159 |         0 |          0 |         0 |   1032192 |       0 |         0 |       0 |    427999 | Deluge 1.3.15     |           1 | -DE13F0-oIa8X3)-CEe! |  38136 | 1510414160 |    |
| 10095 |      1 |       159 |         0 |          0 |         0 |         0 |       0 |         0 |       0 |    427828 | Deluge 1.3.15     |           1 | -DE13F0-oIa8X3)-CEe! |  38533 | 1510413992 |    |
| 10095 |      1 |       159 |         0 |          0 |         0 |    245760 |       0 |         0 |       0 |    429523 | Deluge 1.3.15     |           1 | -DE13F0-oIa8X3)-CEe! |  39290 | 1510415683 |    |
| 10095 |      1 |       159 |         0 |          0 |         0 |         0 |       0 |         0 |       0 |    427233 | Deluge 1.3.15     |           1 | -DE13F0-oIa8X3)-CEe! |  39413 | 1510413392 |    |
| 10095 |      1 |       158 |         0 |          0 |         0 |         0 |       0 |         0 |       0 |    427028 | Deluge 1.3.15     |           1 | -DE13F0-oIa8X3)-CEe! |  39481 | 1510413191 |    |
| 10095 |      1 |       159 |         0 |          0 |         0 |         0 |       0 |         0 |       0 |    427332 | Deluge 1.3.15     |           1 | -DE13F0-oIa8X3)-CEe! |  39837 | 1510413477 |    |
| 10095 |      1 |       159 |         0 |          0 |         0 |         0 |       0 |         0 |       0 |    427157 | Deluge 1.3.15     |           1 | -DE13F0-oIa8X3)-CEe! |  40457 | 1510413316 |    |
| 10095 |      1 |       159 |         0 |          0 |         0 |         0 |       0 |         0 |       0 |    428180 | Deluge 1.3.15     |           1 | -DE13F0-oIa8X3)-CEe! |  41910 | 1510414342 |    |
| 10095 |      1 |       159 |         0 |          0 |         0 |         0 |       0 |         0 |       0 |    427093 | Deluge 1.3.15     |           1 | -DE13F0-oIa8X3)-CEe! |  42718 | 1510413250 |    |
| 10095 |      1 |       159 |         0 |          0 |         0 |         0 |       0 |         0 |       0 |    427121 | Deluge 1.3.15     |           1 | -DE13F0-oIa8X3)-CEe! |  42980 | 1510413270 |    |
| 10095 |      1 |       159 |         0 |          0 |         0 |  15601201 |       0 |         0 |       0 |    427771 | Deluge 1.3.15     |           1 | -DE13F0-oIa8X3)-CEe! |  43902 | 1510413931 |    |
| 10095 |      1 |       159 |         0 |          0 |         0 |         0 |       0 |         0 |       0 |    427282 | Deluge 1.3.15     |           1 | -DE13F0-oIa8X3)-CEe! |  44452 | 1510413442 |    |
| 10095 |      1 |       158 |         0 |          0 |         0 |         0 |       0 |         0 |       0 |    427723 | Deluge 1.3.15     |           1 | -DE13F0-oIa8X3)-CEe! |  46053 | 1510413869 |    |
| 10095 |      1 |       159 |         0 |          0 |         0 |         0 |       0 |         0 |       0 |    427085 | Deluge 1.3.15     |           1 | -DE13F0-oIa8X3)-CEe! |  47054 | 1510413244 |    |
| 10095 |      1 |       159 |         0 |          0 |         0 |         0 |       0 |         0 |       0 |    427245 | Deluge 1.3.15     |           1 | -DE13F0-oIa8X3)-CEe! |  47083 | 1510413409 |    |
| 10095 |      1 |       159 |         0 |          0 |         0 |         0 |       0 |         0 |       0 |    427801 | Deluge 1.3.15     |           1 | -DE13F0-oIa8X3)-CEe! |  49465 | 1510413963 |    |
| 10095 |      1 |       159 |         0 |          0 |         0 |         0 |       0 |         0 |       0 |    427377 | Deluge 1.3.15     |           1 | -DE13F0-oIa8X3)-CEe! |  51169 | 1510413536 |    |
| 10095 |      1 |       159 |         0 |          0 |         0 |         0 |       0 |         0 |       0 |    427057 | Deluge 1.3.15     |           1 | -DE13F0-oIa8X3)-CEe! |  52301 | 1510413221 |    |
| 10095 |      1 |       160 |         0 |          0 |         0 |         0 |       0 |         0 |       0 |    429643 | Deluge 1.3.15     |           1 | -DE13F0-oIa8X3)-CEe! |  53078 | 1510415806 |    |
| 10095 |      1 |       159 |         0 |          0 |         0 |         0 |       0 |         0 |       0 |    427404 | Deluge 1.3.15     |           1 | -DE13F0-oIa8X3)-CEe! |  53281 | 1510413567 |    |
| 10095 |      1 |       160 |         0 |          0 |         0 |         0 |       0 |         0 |       0 |    429487 | Deluge 1.3.15     |           1 | -DE13F0-oIa8X3)-CEe! |  54219 | 1510415648 |    |
| 10095 |      1 |       159 |         0 |          0 |         0 |         0 |       0 |         0 |       0 |    428251 | Deluge 1.3.15     |           1 | -DE13F0-oIa8X3)-CEe! |  55731 | 1510414415 |    |
| 10095 |      1 |       159 |         0 |          0 |         0 |         0 |       0 |         0 |       0 |    427985 | Deluge 1.3.15     |           1 | -DE13F0-oIa8X3)-CEe! |  56534 | 1510414146 |    |
| 10095 |      1 |       159 |         0 |          0 |         0 |         0 |       0 |         0 |       0 |    428255 | Deluge 1.3.15     |           1 | -DE13F0-oIa8X3)-CEe! |  56777 | 1510414418 |    |
| 10095 |      1 |       159 |         0 |          0 |         0 |         0 |       0 |         0 |       0 |    427085 | Deluge 1.3.15     |           1 | -DE13F0-oIa8X3)-CEe! |  57533 | 1510413246 |    |
| 10095 |      1 |       159 |         0 |          0 |         0 |         0 |       0 |         0 |       0 |    427083 | Deluge 1.3.15     |           1 | -DE13F0-oIa8X3)-CEe! |  58706 | 1510413243 |    |
| 10095 |      1 |       160 |         0 |          0 |         0 |         0 |       0 |         0 |       0 |    429635 | Deluge 1.3.15     |           1 | -DE13F0-oIa8X3)-CEe! |  61223 | 1510415794 |    |
| 10095 |      1 |       159 |         0 |          0 |         0 |         0 |       0 |         0 |       0 |    427409 | Deluge 1.3.15     |           1 | -DE13F0-oIa8X3)-CEe! |  61289 | 1510413567 |    |
| 10095 |      1 |       159 |         0 |          0 |         0 |         0 |       0 |         0 |       0 |    427316 | Deluge 1.3.15     |           1 | -DE13F0-oIa8X3)-CEe! |  61316 | 1510413479 |    |
| 10095 |      1 |       159 |         0 |          0 |         0 |         0 |       0 |         0 |       0 |    427175 | Deluge 1.3.15     |           1 | -DE13F0-oIa8X3)-CEe! |  61349 | 1510413339 |    |
| 10095 |      1 |       159 |         0 |          0 |         0 |         0 |       0 |         0 |       0 |    427592 | Deluge 1.3.15     |           1 | -DE13F0-oIa8X3)-CEe! |  62132 | 1510413750 |    |
| 10095 |      1 |       159 |         0 |          0 |         0 |         0 |       0 |         0 |       0 |    427261 | Deluge 1.3.15     |           1 | -DE13F0-oIa8X3)-CEe! |  62652 | 1510413421 |    |
| 10095 |      1 |       159 |         0 |          0 |         0 |         0 |       0 |         0 |       0 |    427073 | Deluge 1.3.15     |           1 | -DE13F0-oIa8X3)-CEe! |  64385 | 1510413233 |    |
| 10095 |      1 |       159 |         0 |          0 |         0 |         0 |       0 |         0 |       0 |    427398 | Deluge 1.3.15     |           1 | -DE13F0-oIa8X3)-CEe! |  64407 | 1510413560 |    |
| 10095 |      1 |       159 |         0 |          0 |         0 |         0 |       0 |         0 |       0 |    427232 | Deluge 1.3.15     |           1 | -DE13F0-oIa8X3)-CEe! |  65486 | 1510413377 |    |
| 10095 |      1 |       159 |         0 |          0 |         0 |  11267867 |       0 |         0 |       0 |    427310 | Deluge 1.3.15     |           1 | -DE13F0-oIa8X3)-CEe! |  66073 | 1510413458 |    |
| 10095 |      1 |       160 |         0 |          0 |         0 |         0 |       0 |         0 |       0 |    429663 | Deluge 1.3.15     |           1 | -DE13F0-oIa8X3)-CEe! |  67816 | 1510415823 |    |
| 10095 |      1 |       160 |         0 |          0 |         0 |         0 |       0 |         0 |       0 |    429636 | Deluge 1.3.15     |           1 | -DE13F0-oIa8X3)-CEe! |  68505 | 1510415796 |    |
| 10095 |      1 |       159 |         0 |          0 |         0 |         0 |       0 |         0 |       0 |    429536 | Deluge 1.3.15     |           1 | -DE13F0-oIa8X3)-CEe! |  69366 | 1510415685 |    |
| 10095 |      1 |       159 |         0 |          0 |         0 |     32768 |       0 |         0 |       0 |    429264 | Deluge 1.3.15     |           1 | -DE13F0-oIa8X3)-CEe! |  71737 | 1510415425 |    |
| 10095 |      1 |       159 |         0 |          0 |         0 |         0 |       0 |         0 |       0 |    427342 | Deluge 1.3.15     |           1 | -DE13F0-oIa8X3)-CEe! |  73236 | 1510413502 |    |
| 10095 |      1 |       158 |         0 |          0 |         0 |         0 |       0 |         0 |       0 |    427323 | Deluge 1.3.15     |           1 | -DE13F0-oIa8X3)-CEe! |  73963 | 1510413483 |    |
| 10095 |      1 |       159 |         0 |          0 |         0 |   6540922 |       0 |         0 |       0 |    427565 | Deluge 1.3.15     |           1 | -DE13F0-oIa8X3)-CEe! |  74186 | 1510413724 |    |
| 10095 |      1 |       160 |         0 |          0 |         0 |         0 |       0 |         0 |       0 |    429523 | Deluge 1.3.15     |           1 | -DE13F0-oIa8X3)-CEe! |  74389 | 1510415686 |    |
| 10095 |      1 |       159 |         0 |          0 |         0 |         0 |       0 |         0 |       0 |    427090 | Deluge 1.3.15     |           1 | -DE13F0-oIa8X3)-CEe! |  74427 | 1510413235 |    |
| 10095 |      1 |       159 |         0 |          0 |         0 |         0 |       0 |         0 |       0 |    429389 | Deluge 1.3.15     |           1 | -DE13F0-oIa8X3)-CEe! |  74606 | 1510415547 |    |
| 10095 |      1 |       160 |         0 |          0 |         0 |         0 |       0 |         0 |       0 |    429483 | Deluge 1.3.15     |           1 | -DE13F0-oIa8X3)-CEe! |  76215 | 1510415641 |    |
| 10095 |      1 |       159 |         0 |          0 |         0 |         0 |       0 |         0 |       0 |    427699 | Deluge 1.3.15     |           1 | -DE13F0-oIa8X3)-CEe! |  76283 | 1510413858 |    |
| 10095 |      1 |       159 |         0 |          0 |         0 |         0 |       0 |         0 |       0 |    428571 | Deluge 1.3.15     |           1 | -DE13F0-oIa8X3)-CEe! |  76474 | 1510414735 |    |
| 10095 |      1 |       159 |         0 |          0 |         0 |         0 |       0 |         0 |       0 |    428194 | Deluge 1.3.15     |           1 | -DE13F0-oIa8X3)-CEe! |  77261 | 1510414354 |    |
| 10095 |      1 |       159 |         0 |          0 |         0 |         0 |       0 |         0 |       0 |    427534 | Deluge 1.3.15     |           1 | -DE13F0-oIa8X3)-CEe! |  77432 | 1510413695 |    |
| 10095 |      1 |       160 |         0 |          0 |         0 |         0 |       0 |         0 |       0 |    429501 | Deluge 1.3.15     |           1 | -DE13F0-oIa8X3)-CEe! |  77718 | 1510415659 |    |
| 10095 |      1 |       159 |         0 |          0 |         0 |         0 |       0 |         0 |       0 |    427020 | Deluge 1.3.15     |           1 | -DE13F0-oIa8X3)-CEe! |  77770 | 1510413183 |    |
| 10095 |      1 |       160 |         0 |          0 |         0 |         0 |       0 |         0 |       0 |    429487 | Deluge 1.3.15     |           1 | -DE13F0-oIa8X3)-CEe! |  77835 | 1510415632 |    |
| 10095 |      1 |       160 |         0 |          0 |         0 |         0 |       0 |         0 |       0 |    429634 | Deluge 1.3.15     |           1 | -DE13F0-oIa8X3)-CEe! |  77861 | 1510415794 |    |
| 10095 |      1 |       159 |         0 |          0 |         0 |         0 |       0 |         0 |       0 |    427692 | Deluge 1.3.15     |           1 | -DE13F0-oIa8X3)-CEe! |  77898 | 1510413853 |    |
| 10095 |      1 |       160 |         0 |          0 |         0 |         0 |       0 |         0 |       0 |    429675 | Deluge 1.3.15     |           1 | -DE13F0-oIa8X3)-CEe! |  77939 | 1510415836 |    |
| 10095 |      1 |       160 |         0 |          0 |         0 |         0 |       0 |         0 |       0 |    429638 | Deluge 1.3.15     |           1 | -DE13F0-oIa8X3)-CEe! |  78029 | 1510415799 |    |
| 10095 |      1 |       159 |         0 |          0 |         0 |         0 |       0 |         0 |       0 |    428996 | Deluge 1.3.15     |           1 | -DE13F0-oIa8X3)-CEe! |  78062 | 1510415144 |    |
| 10095 |      1 |       159 |         0 |          0 |         0 |         0 |       0 |         0 |       0 |    426979 | Deluge 1.3.15     |           1 | -DE13F0-oIa8X3)-CEe! |  78128 | 1510413140 |    |
| 10095 |      1 |       159 |         0 |          0 |         0 |         0 |       0 |         0 |       0 |    428543 | Deluge 1.3.15     |           1 | -DE13F0-oIa8X3)-CEe! |  78212 | 1510414707 |    |
| 10095 |      1 |       159 |         0 |          0 |         0 |         0 |       0 |         0 |       0 |    428376 | Deluge 1.3.15     |           1 | -DE13F0-oIa8X3)-CEe! |  79118 | 1510414527 |    |
| 10095 |      1 |       159 |         0 |          0 |         0 |         0 |       0 |         0 |       0 |    427483 | Deluge 1.3.15     |           1 | -DE13F0-oIa8X3)-CEe! |  79603 | 1510413640 |    |
| 10095 |      1 |       160 |         0 |          0 |         0 |         0 |       0 |         0 |       0 |    429504 | Deluge 1.3.15     |           1 | -DE13F0-oIa8X3)-CEe! |  80613 | 1510415665 |    |
| 10095 |      1 |       159 |         0 |          0 |         0 |         0 |       0 |         0 |       0 |    427702 | Deluge 1.3.15     |           1 | -DE13F0-oIa8X3)-CEe! |  80686 | 1510413866 |    |
| 10095 |      1 |       159 |         0 |          0 |         0 |         0 |       0 |         0 |       0 |    427560 | Deluge 1.3.15     |           1 | -DE13F0-oIa8X3)-CEe! |  80701 | 1510413721 |    |
| 10095 |      1 |       160 |         0 |          0 |         0 |         0 |       0 |         0 |       0 |    429627 | Deluge 1.3.15     |           1 | -DE13F0-oIa8X3)-CEe! |  80878 | 1510415772 |    |
| 10095 |      1 |       159 |         0 |          0 |         0 |         0 |       0 |         0 |       0 |    428266 | Deluge 1.3.15     |           1 | -DE13F0-oIa8X3)-CEe! |  82735 | 1510414428 |    |
| 10095 |      1 |       160 |         0 |          0 |         0 |         0 |       0 |         0 |       0 |    429487 | Deluge 1.3.15     |           1 | -DE13F0-oIa8X3)-CEe! |  83772 | 1510415647 |    |
| 10095 |      1 |       160 |         0 |          0 |         0 |         0 |       0 |         0 |       0 |    429636 | Deluge 1.3.15     |           1 | -DE13F0-oIa8X3)-CEe! |  83996 | 1510415793 |    |
| 10095 |      1 |       160 |         0 |          0 |         0 |         0 |       0 |         0 |       0 |    429479 | Deluge 1.3.15     |           1 | -DE13F0-oIa8X3)-CEe! |  84135 | 1510415637 |    |
| 10095 |      1 |       159 |         0 |          0 |         0 |         0 |       0 |         0 |       0 |    427243 | Deluge 1.3.15     |           1 | -DE13F0-oIa8X3)-CEe! |  84662 | 1510413406 |    |
| 10095 |      1 |       159 |         0 |          0 |         0 |         0 |       0 |         0 |       0 |    427039 | Deluge 1.3.15     |           1 | -DE13F0-oIa8X3)-CEe! |  86004 | 1510413198 |    |
| 10095 |      1 |       159 |         0 |          0 |         0 |         0 |       0 |         0 |       0 |    427664 | Deluge 1.3.15     |           1 | -DE13F0-oIa8X3)-CEe! |  87779 | 1510413826 |    |
| 10095 |      1 |       159 |         0 |          0 |         0 |  10108928 |       0 |         0 |       0 |    427598 | Deluge 1.3.15     |           1 | -DE13F0-oIa8X3)-CEe! |  87852 | 1510413759 |    |
| 10095 |      1 |       159 |         0 |          0 |         0 |         0 |       0 |         0 |       0 |    427552 | Deluge 1.3.15     |           1 | -DE13F0-oIa8X3)-CEe! |  87950 | 1510413714 |    |
| 10095 |      1 |       159 |         0 |          0 |         0 |         0 |       0 |         0 |       0 |    428242 | Deluge 1.3.15     |           1 | -DE13F0-oIa8X3)-CEe! |  89923 | 1510414404 |    |
| 10095 |      1 |       157 |         0 |          0 |         0 |         0 |       0 |         0 |       0 |    427540 | Deluge 1.3.15     |           1 | -DE13F0-oIa8X3)-CEe! |  91632 | 1510413703 |    |
| 10095 |      1 |       159 |         0 |          0 |         0 |         0 |       0 |         0 |       0 |    427041 | Deluge 1.3.15     |           1 | -DE13F0-oIa8X3)-CEe! |  91644 | 1510413204 |    |
| 10095 |      1 |       160 |         0 |          0 |         0 |         0 |       0 |         0 |       0 |    429644 | Deluge 1.3.15     |           1 | -DE13F0-oIa8X3)-CEe! |  91687 | 1510415802 |    |
| 10095 |      1 |       159 |         0 |          0 |         0 |         0 |       0 |         0 |       0 |    427270 | Deluge 1.3.15     |           1 | -DE13F0-oIa8X3)-CEe! |  91744 | 1510413429 |    |
| 10095 |      1 |       159 |         0 |          0 |         0 |         0 |       0 |         0 |       0 |    427394 | Deluge 1.3.15     |           1 | -DE13F0-oIa8X3)-CEe! |  91777 | 1510413552 |    |
| 10095 |      1 |       159 |         0 |          0 |         0 |         0 |       0 |         0 |       0 |    427259 | Deluge 1.3.15     |           1 | -DE13F0-oIa8X3)-CEe! |  92816 | 1510413419 |    |
| 10095 |      1 |       159 |         0 |          0 |         0 |         0 |       0 |         0 |       0 |    427251 | Deluge 1.3.15     |           1 | -DE13F0-oIa8X3)-CEe! |  93506 | 1510413412 |    |
| 10095 |      1 |       159 |         0 |          0 |         0 |         0 |       0 |         0 |       0 |    427799 | Deluge 1.3.15     |           1 | -DE13F0-oIa8X3)-CEe! |  93773 | 1510413963 |    |
| 10095 |      1 |       158 |         0 |          0 |         0 |  11078982 |       0 |         0 |       0 |    429515 | Deluge 1.3.15     |           1 | -DE13F0-oIa8X3)-CEe! |  94640 | 1510415673 |    |
| 10095 |      1 |       160 |         0 |          0 |         0 |         0 |       0 |         0 |       0 |    429486 | Deluge 1.3.15     |           1 | -DE13F0-oIa8X3)-CEe! |  94931 | 1510415648 |    |
| 10095 |      1 |       159 |         0 |          0 |         0 |         0 |       0 |         0 |       0 |    427242 | Deluge 1.3.15     |           1 | -DE13F0-oIa8X3)-CEe! |  95477 | 1510413405 |    |
| 10095 |      1 |       159 |         0 |          0 |         0 |         0 |       0 |         0 |       0 |    427191 | Deluge 1.3.15     |           1 | -DE13F0-oIa8X3)-CEe! |  95709 | 1510413348 |    |
| 10095 |      1 |       159 |         0 |          0 |         0 |         0 |       0 |         0 |       0 |    427374 | Deluge 1.3.15     |           1 | -DE13F0-oIa8X3)-CEe! |  97703 | 1510413537 |    |
| 10095 |      1 |       159 |         0 |          0 |         0 |         0 |       0 |         0 |       0 |    427883 | Deluge 1.3.15     |           1 | -DE13F0-oIa8X3)-CEe! |  97738 | 1510414048 |    |
| 10095 |      1 |       159 |         0 |          0 |         0 | 116668587 |       0 |         0 |       0 |    427150 | Deluge 1.3.15     |           1 | -DE13F0-oIa8X3)-CEe! |  98196 | 1510413306 |    |
| 10095 |      1 |       159 |         0 |          0 |         0 |         0 |       0 |         0 |       0 |    428245 | Deluge 1.3.15     |           1 | -DE13F0-oIa8X3)-CEe! |  98419 | 1510414401 |    |
| 10095 |      1 |       159 |         0 |          0 |         0 |         0 |       0 |         0 |       0 |    428252 | Deluge 1.3.15     |           1 | -DE13F0-oIa8X3)-CEe! |  99544 | 1510414413 |    |
| 10095 |      1 |       159 |         0 |          0 |         0 |         0 |       0 |         0 |       0 |    427426 | Deluge 1.3.15     |           1 | -DE13F0-oIa8X3)-CEe! | 100129 | 1510413586 |    |
| 10095 |      1 |       131 |         0 |          0 |         0 |         0 |       0 |         0 |       0 |    429031 | Deluge 1.3.15     |           1 | -DE13F0-oIa8X3)-CEe! | 100797 | 1510415181 |    |
| 10095 |      1 |       159 |         0 |          0 |         0 |         0 |       0 |         0 |       0 |    427249 | Deluge 1.3.15     |           1 | -DE13F0-oIa8X3)-CEe! | 101807 | 1510413412 |    |
| 10095 |      1 |       159 |         0 |          0 |         0 |   4984011 |       0 |         0 |       0 |    428594 | Deluge 1.3.15     |           1 | -DE13F0-oIa8X3)-CEe! | 103730 | 1510414753 |    |
| 10095 |      1 |       159 |         0 |          0 |         0 |         0 |       0 |         0 |       0 |    428414 | Deluge 1.3.15     |           1 | -DE13F0-oIa8X3)-CEe! | 105461 | 1510414574 |    |
| 10095 |      1 |       160 |         0 |          0 |         0 |         0 |       0 |         0 |       0 |    429624 | Deluge 1.3.15     |           1 | -DE13F0-oIa8X3)-CEe! | 107230 | 1510415788 |    |
| 10095 |      1 |       159 |         0 |          0 |         0 |         0 |       0 |         0 |       0 |    427656 | Deluge 1.3.15     |           1 | -DE13F0-oIa8X3)-CEe! | 108696 | 1510413815 |    |
| 10095 |      1 |       148 |         0 |          0 |         0 |         0 |       0 |         0 |       0 |    429024 | Deluge 1.3.15     |           1 | -DE13F0-oIa8X3)-CEe! | 110295 | 1510415184 |    |
| 10095 |      1 |       160 |         0 |          0 |         0 |         0 |       0 |         0 |       0 |    429633 | Deluge 1.3.15     |           1 | -DE13F0-oIa8X3)-CEe! | 115829 | 1510415796 |    |
| 10095 |      1 |       159 |         0 |          0 |         0 |         0 |       0 |         0 |       0 |    428162 | Deluge 1.3.15     |           1 | -DE13F0-oIa8X3)-CEe! | 117929 | 1510414325 |    |
| 10095 |      1 |       160 |         0 |          0 |         0 |         0 |       0 |         0 |       0 |    429643 | Deluge 1.3.15     |           1 | -DE13F0-oIa8X3)-CEe! | 121947 | 1510415789 |    |
| 10095 |      1 |       160 |         0 |          0 |         0 |         0 |       0 |         0 |       0 |    429636 | Deluge 1.3.15     |           1 | -DE13F0-oIa8X3)-CEe! | 130562 | 1510415791 |    |
| 10095 |      1 |       159 |         0 |          0 |         0 |         0 |       0 |         0 |       0 |    427897 | Deluge 1.3.15     |           1 | -DE13F0-oIa8X3)-CEe! | 135613 | 1510414054 |    |
| 10095 |      1 |       159 |         0 |          0 |         0 |         0 |       0 |         0 |       0 |    427262 | Deluge 1.3.15     |           1 | -DE13F0-oIa8X3)-CEe! | 136878 | 1510413425 |    |
| 10095 |      1 |       159 |         0 |          0 |         0 |         0 |       0 |         0 |       0 |    427733 | Deluge 1.3.15     |           1 | -DE13F0-oIa8X3)-CEe! | 147140 | 1510413888 |    |
| 10095 |      1 |       159 |         0 |          0 |         0 |         0 |       0 |         0 |       0 |    427718 | Deluge 1.3.15     |           1 | -DE13F0-oIa8X3)-CEe! | 149309 | 1510413883 |    |
| 10095 |      1 |       159 |         0 |          0 |         0 |         0 |       0 |         0 |       0 |    428116 | Deluge 1.3.15     |           1 | -DE13F0-oIa8X3)-CEe! | 149351 | 1510414279 |    |
| 10095 |      1 |       159 |         0 |          0 |         0 |         0 |       0 |         0 |       0 |    427063 | Deluge 1.3.15     |           1 | -DE13F0-oIa8X3)-CEe! | 157627 | 1510413220 |    |
| 10095 |      1 |       160 |         0 |          0 |         0 |         0 |       0 |         0 |       0 |    429544 | Deluge 1.3.15     |           1 | -DE13F0-oIa8X3)-CEe! | 162091 | 1510415703 |    |
| 10095 |      1 |       159 |         0 |          0 |         0 |         0 |       0 |         0 |       0 |    427991 | Deluge 1.3.15     |           1 | -DE13F0-oIa8X3)-CEe! | 163124 | 1510414148 |    |
| 10095 |      1 |       159 |         0 |          0 |         0 |  11321344 |       0 |         0 |       0 |    429546 | Deluge 1.3.15     |           1 | -DE13F0-oIa8X3)-CEe! | 164235 | 1510415707 |    |
| 10095 |      1 |       159 |         0 |          0 |         0 |         0 |       0 |         0 |       0 |    427571 | Deluge 1.3.15     |           1 | -DE13F0-oIa8X3)-CEe! | 168313 | 1510413730 |    |
| 10095 |      1 |       159 |         0 |          0 |         0 |         0 |       0 |         0 |       0 |    427248 | Deluge 1.3.15     |           1 | -DE13F0-oIa8X3)-CEe! | 168826 | 1510413409 |    |
| 10095 |      1 |       159 |         0 |          0 |         0 |         0 |       0 |         0 |       0 |    427873 | Deluge 1.3.15     |           1 | -DE13F0-oIa8X3)-CEe! | 172383 | 1510414017 |    |
| 10095 |      1 |       159 |         0 |          0 |         0 |         0 |       0 |         0 |       0 |    427074 | Deluge 1.3.15     |           1 | -DE13F0-oIa8X3)-CEe! | 175271 | 1510413233 |    |
| 10095 |      1 |       160 |         0 |          0 |         0 |         0 |       0 |         0 |       0 |    429488 | Deluge 1.3.15     |           1 | -DE13F0-oIa8X3)-CEe! | 175438 | 1510415648 |    |
| 10095 |      1 |       159 |         0 |          0 |         0 |         0 |       0 |         0 |       0 |    427093 | Deluge 1.3.15     |           1 | -DE13F0-oIa8X3)-CEe! | 175843 | 1510413254 |    |
| 10095 |      1 |       159 |         0 |          0 |         0 |         0 |       0 |         0 |       0 |    427554 | Deluge 1.3.15     |           1 | -DE13F0-oIa8X3)-CEe! | 176072 | 1510413717 |    |
| 10095 |      1 |       160 |         0 |          0 |         0 |         0 |       0 |         0 |       0 |    429485 | Deluge 1.3.15     |           1 | -DE13F0-oIa8X3)-CEe! | 176084 | 1510415647 |    |
| 10095 |      1 |       160 |         0 |          0 |         0 |         0 |       0 |         0 |       0 |    429480 | Deluge 1.3.15     |           1 | -DE13F0-oIa8X3)-CEe! | 176506 | 1510415635 |    |
| 10095 |      1 |       160 |         0 |          0 |         0 |         0 |       0 |         0 |       0 |    429480 | Deluge 1.3.15     |           1 | -DE13F0-oIa8X3)-CEe! | 176614 | 1510415638 |    |
| 10095 |      1 |       159 |         0 |          0 |         0 |         0 |       0 |         0 |       0 |    427793 | Deluge 1.3.15     |           1 | -DE13F0-oIa8X3)-CEe! | 177480 | 1510413950 |    |
| 10095 |      1 |       160 |         0 |          0 |         0 |         0 |       0 |         0 |       0 |    429614 | Deluge 1.3.15     |           1 | -DE13F0-oIa8X3)-CEe! | 177771 | 1510415776 |    |
| 10095 |      1 |       159 |         0 |          0 |         0 |         0 |       0 |         0 |       0 |    428735 | Deluge 1.3.15     |           1 | -DE13F0-oIa8X3)-CEe! | 179009 | 1510414882 |    |
| 10095 |      1 |       159 |         0 |          0 |         0 |         0 |       0 |         0 |       0 |    427518 | Deluge 1.3.15     |           1 | -DE13F0-oIa8X3)-CEe! | 179103 | 1510413677 |    |
| 10095 |      1 |       160 |         0 |          0 |         0 |         0 |       0 |         0 |       0 |    429503 | Deluge 1.3.15     |           1 | -DE13F0-oIa8X3)-CEe! | 187740 | 1510415663 |    |
| 10095 |      1 |       160 |         0 |          0 |         0 |         0 |       0 |         0 |       0 |    429505 | Deluge 1.3.15     |           1 | -DE13F0-oIa8X3)-CEe! | 187893 | 1510415668 |    |
| 10095 |      1 |       159 |         0 |          0 |         0 |         0 |       0 |         0 |       0 |    427736 | Deluge 1.3.15     |           1 | -DE13F0-oIa8X3)-CEe! | 188417 | 1510413891 |    |
| 10095 |      1 |       159 |         0 |          0 |         0 |         0 |       0 |         0 |       0 |    427244 | Deluge 1.3.15     |           1 | -DE13F0-oIa8X3)-CEe! | 188466 | 1510413399 |    |
| 10095 |      1 |       159 |         0 |          0 |         0 |         0 |       0 |         0 |       0 |    429412 | Deluge 1.3.15     |           1 | -DE13F0-oIa8X3)-CEe! | 189492 | 1510415573 |    |
| 10095 |      1 |       159 |         0 |          0 |         0 |         0 |       0 |         0 |       0 |    427194 | Deluge 1.3.15     |           1 | -DE13F0-oIa8X3)-CEe! | 189498 | 1510413349 |    |
| 10095 |      1 |       160 |         0 |          0 |         0 |         0 |       0 |         0 |       0 |    429484 | Deluge 1.3.15     |           1 | -DE13F0-oIa8X3)-CEe! | 190242 | 1510415647 |    |
| 10095 |      1 |       160 |         0 |          0 |         0 |         0 |       0 |         0 |       0 |    429484 | Deluge 1.3.15     |           1 | -DE13F0-oIa8X3)-CEe! | 190257 | 1510415647 |    |
| 10095 |      1 |       160 |         0 |          0 |         0 |         0 |       0 |         0 |       0 |    429483 | Deluge 1.3.15     |           1 | -DE13F0-oIa8X3)-CEe! | 190266 | 1510415645 |    |
| 10095 |      1 |       160 |         0 |          0 |         0 |         0 |       0 |         0 |       0 |    429636 | Deluge 1.3.15     |           1 | -DE13F0-oIa8X3)-CEe! | 190793 | 1510415797 |    |
| 10095 |      1 |       160 |         0 |          0 |         0 |         0 |       0 |         0 |       0 |    429481 | Deluge 1.3.15     |           1 | -DE13F0-oIa8X3)-CEe! | 190828 | 1510415640 |    |
| 10095 |      1 |       160 |         0 |          0 |         0 |         0 |       0 |         0 |       0 |    429482 | Deluge 1.3.15     |           1 | -DE13F0-oIa8X3)-CEe! | 190838 | 1510415645 |    |
| 10095 |      1 |       160 |         0 |          0 |         0 |         0 |       0 |         0 |       0 |    429479 | Deluge 1.3.15     |           1 | -DE13F0-oIa8X3)-CEe! | 190875 | 1510415638 |    |
| 10095 |      1 |       159 |         0 |          0 |         0 |         0 |       0 |         0 |       0 |    427089 | Deluge 1.3.15     |           1 | -DE13F0-oIa8X3)-CEe! | 190885 | 1510413252 |    |
| 10095 |      1 |       160 |         0 |          0 |         0 |         0 |       0 |         0 |       0 |    429488 | Deluge 1.3.15     |           1 | -DE13F0-oIa8X3)-CEe! | 190893 | 1510415636 |    |
| 10095 |      1 |       159 |         0 |          0 |         0 |         0 |       0 |         0 |       0 |    427153 | Deluge 1.3.15     |           1 | -DE13F0-oIa8X3)-CEe! | 192459 | 1510413310 |    |
| 10095 |      1 |       160 |         0 |          0 |         0 |         0 |       0 |         0 |       0 |    429482 | Deluge 1.3.15     |           1 | -DE13F0-oIa8X3)-CEe! | 194846 | 1510415642 |    |
| 10095 |      1 |       159 |         0 |          0 |         0 |         0 |       0 |         0 |       0 |    427171 | Deluge 1.3.15     |           1 | -DE13F0-oIa8X3)-CEe! | 194916 | 1510413333 |    |
| 10095 |      1 |       159 |         0 |          0 |         0 |         0 |       0 |         0 |       0 |    427412 | Deluge 1.3.15     |           1 | -DE13F0-oIa8X3)-CEe! | 202817 | 1510413573 |    |
| 10095 |      1 |       160 |         0 |          0 |         0 |         0 |       0 |         0 |       0 |    429524 | Deluge 1.3.15     |           1 | -DE13F0-oIa8X3)-CEe! | 203522 | 1510415683 |    |
| 10095 |      1 |       160 |         0 |          0 |         0 |         0 |       0 |         0 |       0 |    429488 | Deluge 1.3.15     |           1 | -DE13F0-oIa8X3)-CEe! | 203535 | 1510415649 |    |
| 10095 |      1 |       160 |         0 |          0 |         0 |         0 |       0 |         0 |       0 |    429487 | Deluge 1.3.15     |           1 | -DE13F0-oIa8X3)-CEe! | 203539 | 1510415648 |    |
| 10095 |      1 |       160 |         0 |          0 |         0 |         0 |       0 |         0 |       0 |    429526 | Deluge 1.3.15     |           1 | -DE13F0-oIa8X3)-CEe! | 203723 | 1510415684 |    |
| 10095 |      1 |       160 |         0 |          0 |         0 |         0 |       0 |         0 |       0 |    429479 | Deluge 1.3.15     |           1 | -DE13F0-oIa8X3)-CEe! | 203738 | 1510415638 |    |
| 10095 |      1 |       160 |         0 |          0 |         0 |         0 |       0 |         0 |       0 |    429481 | Deluge 1.3.15     |           1 | -DE13F0-oIa8X3)-CEe! | 203743 | 1510415644 |    |
| 10095 |      1 |       159 |         0 |          0 |         0 |         0 |       0 |         0 |       0 |    427088 | Deluge 1.3.15     |           1 | -DE13F0-oIa8X3)-CEe! | 204202 | 1510413253 |    |
| 10095 |      1 |       160 |         0 |          0 |         0 |         0 |       0 |         0 |       0 |    429635 | Deluge 1.3.15     |           1 | -DE13F0-oIa8X3)-CEe! | 204238 | 1510415797 |    |
| 10095 |      1 |       160 |         0 |          0 |         0 |         0 |       0 |         0 |       0 |    429635 | Deluge 1.3.15     |           1 | -DE13F0-oIa8X3)-CEe! | 204250 | 1510415793 |    |
| 10095 |      1 |       159 |         0 |          0 |         0 |         0 |       0 |         0 |       0 |    427407 | Deluge 1.3.15     |           1 | -DE13F0-oIa8X3)-CEe! | 205567 | 1510413558 |    |
| 10095 |      1 |       160 |         0 |          0 |         0 |         0 |       0 |         0 |       0 |    429484 | Deluge 1.3.15     |           1 | -DE13F0-oIa8X3)-CEe! | 206361 | 1510415649 |    |
| 10095 |      1 |       160 |         0 |          0 |         0 |         0 |       0 |         0 |       0 |    429590 | Deluge 1.3.15     |           1 | -DE13F0-oIa8X3)-CEe! | 206372 | 1510415752 |    |
| 10095 |      1 |       160 |         0 |          0 |         0 |         0 |       0 |         0 |       0 |    429574 | Deluge 1.3.15     |           1 | -DE13F0-oIa8X3)-CEe! | 206377 | 1510415732 |    |
| 10095 |      1 |       159 |         0 |          0 |         0 |         0 |       0 |         0 |       0 |    427603 | Deluge 1.3.15     |           1 | -DE13F0-oIa8X3)-CEe! | 207136 | 1510413762 |    |
| 10095 |      1 |       160 |         0 |          0 |         0 |         0 |       0 |         0 |       0 |    429479 | Deluge 1.3.15     |           1 | -DE13F0-oIa8X3)-CEe! | 207199 | 1510415637 |    |
| 10095 |      1 |       160 |         0 |          0 |         0 |         0 |       0 |         0 |       0 |    429634 | Deluge 1.3.15     |           1 | -DE13F0-oIa8X3)-CEe! | 207905 | 1510415794 |    |
| 10095 |      1 |       160 |         0 |          0 |         0 |         0 |       0 |         0 |       0 |    429561 | Deluge 1.3.15     |           1 | -DE13F0-oIa8X3)-CEe! | 208393 | 1510415717 |    |
| 10095 |      1 |       160 |         0 |          0 |         0 |         0 |       0 |         0 |       0 |    429484 | Deluge 1.3.15     |           1 | -DE13F0-oIa8X3)-CEe! | 208648 | 1510415648 |    |
| 10095 |      1 |       160 |         0 |          0 |         0 |         0 |       0 |         0 |       0 |    429481 | Deluge 1.3.15     |           1 | -DE13F0-oIa8X3)-CEe! | 209621 | 1510415639 |    |
| 10095 |      1 |       159 |         0 |          0 |         0 |         0 |       0 |         0 |       0 |    427298 | Deluge 1.3.15     |           1 | -DE13F0-oIa8X3)-CEe! | 217599 | 1510413462 |    |
| 10095 |      1 |       159 |         0 |          0 |         0 |         0 |       0 |         0 |       0 |    427048 | Deluge 1.3.15     |           1 | -DE13F0-oIa8X3)-CEe! | 222619 | 1510413208 |    |
| 10095 |      1 |       160 |         0 |          0 |         0 |         0 |       0 |         0 |       0 |    429555 | Deluge 1.3.15     |           1 | -DE13F0-oIa8X3)-CEe! | 222662 | 1510415714 |    |
| 10095 |      1 |       160 |         0 |          0 |         0 |         0 |       0 |         0 |       0 |    429575 | Deluge 1.3.15     |           1 | -DE13F0-oIa8X3)-CEe! | 231810 | 1510415736 |    |
| 10095 |      1 |       160 |         0 |          0 |         0 |         0 |       0 |         0 |       0 |    429588 | Deluge 1.3.15     |           1 | -DE13F0-oIa8X3)-CEe! | 231820 | 1510415747 |    |
| 10095 |      1 |       160 |         0 |          0 |         0 |         0 |       0 |         0 |       0 |    429477 | Deluge 1.3.15     |           1 | -DE13F0-oIa8X3)-CEe! | 231830 | 1510415634 |    |
| 10095 |      1 |       160 |         0 |          0 |         0 |         0 |       0 |         0 |       0 |    429485 | Deluge 1.3.15     |           1 | -DE13F0-oIa8X3)-CEe! | 231866 | 1510415647 |    |
| 10095 |      1 |       160 |         0 |          0 |         0 |         0 |       0 |         0 |       0 |    429593 | Deluge 1.3.15     |           1 | -DE13F0-oIa8X3)-CEe! | 231876 | 1510415753 |    |
| 10095 |      1 |       160 |         0 |          0 |         0 |         0 |       0 |         0 |       0 |    429477 | Deluge 1.3.15     |           1 | -DE13F0-oIa8X3)-CEe! | 231887 | 1510415639 |    |
| 10095 |      1 |       159 |         0 |          0 |         0 |  30961380 |       0 |         0 |       0 |    427585 | Deluge 1.3.15     |           1 | -DE13F0-oIa8X3)-CEe! | 232026 | 1510413746 |    |
| 10095 |      1 |       160 |         0 |          0 |         0 |         0 |       0 |         0 |       0 |    429634 | Deluge 1.3.15     |           1 | -DE13F0-oIa8X3)-CEe! | 232454 | 1510415793 |    |
| 10095 |      1 |       160 |         0 |          0 |         0 |         0 |       0 |         0 |       0 |    429482 | Deluge 1.3.15     |           1 | -DE13F0-oIa8X3)-CEe! | 232502 | 1510415644 |    |
| 10095 |      1 |       160 |         0 |          0 |         0 |    507904 |       0 |         0 |       0 |    429647 | Deluge 1.3.15     |           1 | -DE13F0-oIa8X3)-CEe! | 232530 | 1510415806 |    |
| 10095 |      1 |       160 |         0 |          0 |         0 |         0 |       0 |         0 |       0 |    429638 | Deluge 1.3.15     |           1 | -DE13F0-oIa8X3)-CEe! | 236679 | 1510415800 |    |
| 10095 |      1 |       160 |         0 |          0 |         0 |         0 |       0 |         0 |       0 |    429485 | Deluge 1.3.15     |           1 | -DE13F0-oIa8X3)-CEe! | 236706 | 1510415647 |    |
| 10095 |      1 |       160 |         0 |          0 |         0 |         0 |       0 |         0 |       0 |    429478 | Deluge 1.3.15     |           1 | -DE13F0-oIa8X3)-CEe! | 236720 | 1510415636 |    |
| 10095 |      1 |       159 |         0 |          0 |         0 |         0 |       0 |         0 |       0 |    427248 | Deluge 1.3.15     |           1 | -DE13F0-oIa8X3)-CEe! | 239694 | 1510413407 |    |
| 10095 |      1 |       160 |         0 |          0 |         0 |         0 |       0 |         0 |       0 |    429484 | Deluge 1.3.15     |           1 | -DE13F0-oIa8X3)-CEe! | 244783 | 1510415648 |    |
| 10095 |      1 |       159 |         0 |          0 |         0 |         0 |       0 |         0 |       0 |    427406 | Deluge 1.3.15     |           1 | -DE13F0-oIa8X3)-CEe! | 257007 | 1510413567 |    |
| 10095 |      1 |       160 |         0 |          0 |         0 |         0 |       0 |         0 |       0 |    429627 | Deluge 1.3.15     |           1 | -DE13F0-oIa8X3)-CEe! | 264421 | 1510415791 |    |
| 10095 |      1 |       160 |         0 |          0 |         0 |         0 |       0 |         0 |       0 |    429633 | Deluge 1.3.15     |           1 | -DE13F0-oIa8X3)-CEe! | 264441 | 1510415792 |    |
| 10095 |      1 |       160 |         0 |          0 |         0 |         0 |       0 |         0 |       0 |    429477 | Deluge 1.3.15     |           1 | -DE13F0-oIa8X3)-CEe! | 264458 | 1510415635 |    |
| 10095 |      1 |       159 |         0 |          0 |         0 |         0 |       0 |         0 |       0 |    428344 | Deluge 1.3.15     |           1 | -DE13F0-oIa8X3)-CEe! | 264874 | 1510414509 |    |
| 10095 |      1 |       159 |         0 |          0 |         0 |         0 |       0 |         0 |       0 |    427589 | Deluge 1.3.15     |           1 | -DE13F0-oIa8X3)-CEe! | 264903 | 1510413739 |    |
| 10095 |      1 |       160 |         0 |          0 |         0 |         0 |       0 |         0 |       0 |    429634 | Deluge 1.3.15     |           1 | -DE13F0-oIa8X3)-CEe! | 264917 | 1510415797 |    |
| 10095 |      1 |       160 |         0 |          0 |         0 |         0 |       0 |         0 |       0 |    429633 | Deluge 1.3.15     |           1 | -DE13F0-oIa8X3)-CEe! | 265942 | 1510415797 |    |
| 10095 |      1 |       160 |         0 |          0 |         0 |         0 |       0 |         0 |       0 |    429635 | Deluge 1.3.15     |           1 | -DE13F0-oIa8X3)-CEe! | 265962 | 1510415792 |    |
| 10095 |      1 |       160 |         0 |          0 |         0 |         0 |       0 |         0 |       0 |    429483 | Deluge 1.3.15     |           1 | -DE13F0-oIa8X3)-CEe! | 265975 | 1510415645 |    |
| 10095 |      1 |       160 |         0 |          0 |         0 |         0 |       0 |         0 |       0 |    429643 | Deluge 1.3.15     |           1 | -DE13F0-oIa8X3)-CEe! | 266495 | 1510415808 |    |
| 10095 |      1 |       160 |         0 |          0 |         0 |         0 |       0 |         0 |       0 |    429480 | Deluge 1.3.15     |           1 | -DE13F0-oIa8X3)-CEe! | 266515 | 1510415640 |    |
| 10095 |      1 |       160 |         0 |          0 |         0 |         0 |       0 |         0 |       0 |    429480 | Deluge 1.3.15     |           1 | -DE13F0-oIa8X3)-CEe! | 266522 | 1510415639 |    |
| 10095 |      1 |       160 |         0 |          0 |         0 |         0 |       0 |         0 |       0 |    429484 | Deluge 1.3.15     |           1 | -DE13F0-oIa8X3)-CEe! | 272477 | 1510415646 |    |
| 10095 |      1 |       160 |         0 |          0 |         0 |         0 |       0 |         0 |       0 |    429484 | Deluge 1.3.15     |           1 | -DE13F0-oIa8X3)-CEe! | 272497 | 1510415647 |    |
| 10095 |      1 |       160 |         0 |          0 |         0 |         0 |       0 |         0 |       0 |    429484 | Deluge 1.3.15     |           1 | -DE13F0-oIa8X3)-CEe! | 272504 | 1510415648 |    |
| 10095 |      1 |       159 |         0 |          0 |         0 |         0 |       0 |         0 |       0 |    428118 | Deluge 1.3.15     |           1 | -DE13F0-oIa8X3)-CEe! | 311213 | 1510414280 |    |
| 10095 |      1 |       160 |         0 |          0 |         0 |         0 |       0 |         0 |       0 |    429634 | Deluge 1.3.15     |           1 | -DE13F0-oIa8X3)-CEe! | 324418 | 1510415794 |    |
| 10095 |      1 |       160 |         0 |          0 |         0 |         0 |       0 |         0 |       0 |    429479 | Deluge 1.3.15     |           1 | -DE13F0-oIa8X3)-CEe! | 331241 | 1510415637 |    |
| 10095 |      1 |       160 |         0 |          0 |         0 |         0 |       0 |         0 |       0 |    429485 | Deluge 1.3.15     |           1 | -DE13F0-oIa8X3)-CEe! | 332747 | 1510415636 |    |
| 10095 |      1 |       159 |         0 |          0 |         0 |         0 |       0 |         0 |       0 |    427023 | Deluge 1.3.15     |           1 | -DE13F0-oIa8X3)-CEe! | 334784 | 1510413183 |    |
| 10095 |      1 |       159 |         0 |          0 |         0 |         0 |       0 |         0 |       0 |    427688 | Deluge 1.3.15     |           1 | -DE13F0-oIa8X3)-CEe! | 346272 | 1510413845 |    |
| 10095 |      1 |       156 |         0 |          0 |         0 |     32768 |       0 |         0 |       0 |    428954 | Deluge 1.3.15     |           1 | -DE13F0-oIa8X3)-CEe! | 373360 | 1510415118 |    |
| 10095 |      1 |       159 |         0 |          0 |         0 |         0 |       0 |         0 |       0 |    427343 | Deluge 1.3.15     |           1 | -DE13F0-oIa8X3)-CEe! | 373691 | 1510413501 |    |
| 10095 |      1 |       160 |         0 |          0 |         0 |         0 |       0 |         0 |       0 |    429483 | Deluge 1.3.15     |           1 | -DE13F0-oIa8X3)-CEe! | 374301 | 1510415647 |    |
| 10095 |      1 |       160 |         0 |          0 |         0 |         0 |       0 |         0 |       0 |    429627 | Deluge 1.3.15     |           1 | -DE13F0-oIa8X3)-CEe! | 374552 | 1510415791 |    |
| 10095 |      1 |       155 |         0 |          0 |         0 |         0 |       0 |         0 |       0 |    428072 | Deluge 1.3.15     |           1 | -DE13F0-oIa8X3)-CEe! | 384559 | 1510414228 |    |
| 10095 |      1 |       159 |         0 |          0 |         0 |         0 |       0 |         0 |       0 |    427101 | Deluge 1.3.15     |           1 | -DE13F0-oIa8X3)-CEe! | 388081 | 1510413260 |    |
| 10095 |      1 |       159 |         0 |          0 |         0 |         0 |       0 |         0 |       0 |    427300 | Deluge 1.3.15     |           1 | -DE13F0-oIa8X3)-CEe! | 418802 | 1510413464 |    |
| 10095 |      1 |       159 |         0 |          0 |         0 |         0 |       0 |         0 |       0 |    429150 | Deluge 1.3.15     |           1 | -DE13F0-oIa8X3)-CEe! | 418879 | 1510415311 |    |
| 10095 |      1 |       159 |         0 |          0 |         0 |         0 |       0 |         0 |       0 |    427320 | Deluge 1.3.15     |           1 | -DE13F0-oIa8X3)-CEe! | 429346 | 1510413483 |    |
| 10095 |      1 |       160 |         0 |          0 |         0 |         0 |       0 |         0 |       0 |    429629 | Deluge 1.3.15     |           1 | -DE13F0-oIa8X3)-CEe! | 429363 | 1510415774 |    |
| 10095 |      1 |       160 |         0 |          0 |         0 |         0 |       0 |         0 |       0 |    429481 | Deluge 1.3.15     |           1 | -DE13F0-oIa8X3)-CEe! | 429371 | 1510415639 |    |
| 10095 |      1 |       160 |         0 |          0 |         0 |         0 |       0 |         0 |       0 |    429486 | Deluge 1.3.15     |           1 | -DE13F0-oIa8X3)-CEe! | 429389 | 1510415646 |    |
| 10095 |      1 |       160 |         0 |          0 |         0 |         0 |       0 |         0 |       0 |    429480 | Deluge 1.3.15     |           1 | -DE13F0-oIa8X3)-CEe! | 429418 | 1510415631 |    |
| 10095 |      1 |       160 |         0 |          0 |         0 |         0 |       0 |         0 |       0 |    429636 | Deluge 1.3.15     |           1 | -DE13F0-oIa8X3)-CEe! | 429435 | 1510415780 |    |
| 10095 |      1 |       160 |         0 |          0 |         0 |         0 |       0 |         0 |       0 |    429625 | Deluge 1.3.15     |           1 | -DE13F0-oIa8X3)-CEe! | 429447 | 1510415788 |    |
| 10095 |      1 |       160 |         0 |          0 |         0 |         0 |       0 |         0 |       0 |    429484 | Deluge 1.3.15     |           1 | -DE13F0-oIa8X3)-CEe! | 429467 | 1510415644 |    |
| 10095 |      1 |       160 |         0 |          0 |         0 |         0 |       0 |         0 |       0 |    429483 | Deluge 1.3.15     |           1 | -DE13F0-oIa8X3)-CEe! | 429475 | 1510415647 |    |
| 10095 |      1 |       159 |         0 |          0 |         0 |         0 |       0 |         0 |       0 |    427395 | Deluge 1.3.15     |           1 | -DE13F0-oIa8X3)-CEe! | 433485 | 1510413556 |    |
| 10095 |      1 |       159 |         0 |          0 |         0 |         0 |       0 |         0 |       0 |    427751 | Deluge 1.3.15     |           1 | -DE13F0-oIa8X3)-CEe! | 436762 | 1510413900 |    |
| 10095 |      1 |       159 |         0 |          0 |         0 |    131072 |       0 |         0 |       0 |    427022 | Deluge 1.3.15     |           1 | -DE13F0-oIa8X3)-CEe! | 436862 | 1510413184 |    |
| 10095 |      1 |       160 |         0 |          0 |         0 |         0 |       0 |         0 |       0 |    429635 | Deluge 1.3.15     |           1 | -DE13F0-oIa8X3)-CEe! | 436918 | 1510415799 |    |
| 10095 |      1 |       160 |         0 |          0 |         0 |         0 |       0 |         0 |       0 |    429480 | Deluge 1.3.15     |           1 | -DE13F0-oIa8X3)-CEe! | 436956 | 1510415644 |    |
| 10095 |      1 |       160 |         0 |          0 |         0 |         0 |       0 |         0 |       0 |    429478 | Deluge 1.3.15     |           1 | -DE13F0-oIa8X3)-CEe! | 448941 | 1510415636 |    |
| 10095 |      1 |       160 |         0 |          0 |         0 |         0 |       0 |         0 |       0 |    429477 | Deluge 1.3.15     |           1 | -DE13F0-oIa8X3)-CEe! | 464326 | 1510415637 |    |
| 10095 |      1 |       159 |         0 |          0 |         0 |         0 |       0 |         0 |       0 |    427564 | Deluge 1.3.15     |           1 | -DE13F0-oIa8X3)-CEe! | 466191 | 1510413725 |    |
| 10095 |      1 |       156 |         0 |          0 |         0 |         0 |       0 |         0 |       0 |    427245 | Deluge 1.3.15     |           1 | -DE13F0-oIa8X3)-CEe! | 496471 | 1510413389 |    |
| 10095 |      1 |       159 |         0 |          0 |         0 |         0 |       0 |         0 |       0 |    427012 | Deluge 1.3.15     |           1 | -DE13F0-oIa8X3)-CEe! | 511639 | 1510413164 |    |
| 10095 |      1 |       157 |         0 |          0 |         0 |   5562786 |       0 |         0 |       0 |    429278 | Deluge 1.3.15     |           1 | -DE13F0-oIa8X3)-CEe! | 539226 | 1510415442 |    |
| 10095 |      1 |       160 |         0 |          0 |         0 |         0 |       0 |         0 |       0 |    429486 | Deluge 1.3.15     |           1 | -DE13F0-oIa8X3)-CEe! | 578676 | 1510415648 |    |
| 10095 |      1 |       131 |         0 |          0 |         0 |         0 |       0 |         0 |       0 |    429026 | Deluge 1.3.15     |           1 | -DE13F0-oIa8X3)-CEe! | 589913 | 1510415184 |    |
| 10095 |      1 |       135 |         0 |          0 |         0 |         0 |       0 |         0 |       0 |    426505 | Deluge 1.3.15     |           1 | -DE13F0-oIa8X3)-CEe! | 589916 | 1510412667 |    |
| 10095 |      1 |       142 |         0 |          0 |         0 |         0 |       0 |         0 |       0 |    426756 | Deluge 1.3.15     |           1 | -DE13F0-oIa8X3)-CEe! | 589919 | 1510412915 |    |
| 10095 |      1 |       159 |         0 |          0 |         0 |         0 |       0 |         0 |       0 |    427097 | Deluge 1.3.15     |           1 | -DE13F0-oIa8X3)-CEe! | 615294 | 1510413254 |    |
| 10095 |      1 |       160 |         0 |          0 |         0 |         0 |       0 |         0 |       0 |    429591 | Deluge 1.3.15     |           1 | -DE13F0-oIa8X3)-CEe! | 615296 | 1510415749 |    |
| 10095 |      1 |       160 |         0 |          0 |         0 |         0 |       0 |         0 |       0 |    429477 | Deluge 1.3.15     |           1 | -DE13F0-oIa8X3)-CEe! | 615298 | 1510415638 |    |
| 10095 |      1 |       160 |         0 |          0 |         0 |         0 |       0 |         0 |       0 |    429486 | Deluge 1.3.15     |           1 | -DE13F0-oIa8X3)-CEe! | 615299 | 1510415648 |    |
| 10095 |      1 |       160 |         0 |          0 |         0 |         0 |       0 |         0 |       0 |    429637 | Deluge 1.3.15     |           1 | -DE13F0-oIa8X3)-CEe! | 617870 | 1510415794 |    |
| 10095 |      1 |       160 |         0 |          0 |         0 |         0 |       0 |         0 |       0 |    429481 | Deluge 1.3.15     |           1 | -DE13F0-oIa8X3)-CEe! | 617877 | 1510415646 |    |
| 10095 |      1 |       160 |         0 |          0 |         0 |         0 |       0 |         0 |       0 |    429485 | Deluge 1.3.15     |           1 | -DE13F0-oIa8X3)-CEe! | 617880 | 1510415649 |    |
| 10095 |      1 |       160 |         0 |          0 |         0 |         0 |       0 |         0 |       0 |    429484 | Deluge 1.3.15     |           1 | -DE13F0-oIa8X3)-CEe! | 617881 | 1510415646 |    |
| 10095 |      1 |       140 |         0 |          0 |         0 |         0 |       0 |         0 |       0 |    428596 | Deluge 1.3.15     |           1 | -DE13F0-oIa8X3)-CEe! | 619543 | 1510414741 |    |
| 10095 |      1 |       157 |         0 |          0 |         0 |         0 |       0 |         0 |       0 |    427882 | Deluge 1.3.15     |           1 | -DE13F0-oIa8X3)-CEe! | 630006 | 1510414043 |    |
| 10095 |      1 |       158 |         0 |          0 |         0 |         0 |       0 |         0 |       0 |    427891 | Deluge 1.3.15     |           1 | -DE13F0-oIa8X3)-CEe! | 650767 | 1510414049 |    |
| 10095 |      1 |       158 |         0 |          0 |         0 |         0 |       0 |         0 |       0 |    427021 | Deluge 1.3.15     |           1 | -DE13F0-oIa8X3)-CEe! | 799162 | 1510413179 |    |
| 10095 |      1 |       158 |         0 |          0 |         0 |  21367669 |       0 |         0 |       0 |    427721 | Deluge 1.3.15     |           1 | -DE13F0-oIa8X3)-CEe! | 815677 | 1510413883 |    |
| 10095 |      1 |       158 |         0 |          0 |         0 |         0 |       0 |         0 |       0 |    428257 | Deluge 1.3.15     |           1 | -DE13F0-oIa8X3)-CEe! | 822675 | 1510414416 |    |
| 10095 |      1 |       148 |         0 |          0 |         0 |         0 |       0 |         0 |       0 |    428883 | Deluge 1.3.15     |           1 | -DE13F0-oIa8X3)-CEe! | 830398 | 1510415046 |    |
| 10095 |      1 |       159 |         0 |          0 |         0 |         0 |       0 |         0 |       0 |    427094 | Deluge 1.3.15     |           1 | -DE13F0-oIa8X3)-CEe! | 833464 | 1510413254 |    |
| 10095 |      1 |       158 |         0 |          0 |         0 |    294912 |       0 |         0 |       0 |    429081 | Deluge 1.3.15     |           1 | -DE13F0-oIa8X3)-CEe! | 877125 | 1510415243 |    |
| 10095 |      1 |       155 |         0 |          0 |         0 |    589824 |       0 |         0 |       0 |    427380 | Deluge 1.3.15     |           1 | -DE13F0-oIa8X3)-CEe! | 878494 | 1510413533 |    |
| 10095 |      1 |       153 |         0 |          0 |         0 |         0 |       0 |         0 |       0 |    428291 | Deluge 1.3.15     |           1 | -DE13F0-oIa8X3)-CEe! | 880744 | 1510414443 |    |
| 10095 |      1 |       155 |         0 |          0 |         0 |     32768 |       0 |         0 |       0 |    428434 | Deluge 1.3.15     |           1 | -DE13F0-oIa8X3)-CEe! | 889702 | 1510414578 |    |
| 10095 |      1 |       159 |         0 |          0 |         0 |         0 |       0 |         0 |       0 |    427345 | Deluge 1.3.15     |           1 | -DE13F0-oIa8X3)-CEe! | 916725 | 1510413498 |    |
| 10095 |      1 |       156 |         0 |          0 |         0 |         0 |       0 |         0 |       0 |    427888 | Deluge 1.3.15     |           1 | -DE13F0-oIa8X3)-CEe! | 924787 | 1510414046 |    |
| 10095 |      1 |       157 |         0 |          0 |         0 |   1753088 |       0 |         0 |       0 |    428925 | Deluge 1.3.15     |           1 | -DE13F0-oIa8X3)-CEe! | 932916 | 1510415083 |    |
| 10095 |      1 |       157 |         0 |          0 |         0 |   4761819 |       0 |         0 |       0 |    427171 | Deluge 1.3.15     |           1 | -DE13F0-oIa8X3)-CEe! | 933103 | 1510413329 |    |
| 10095 |      1 |       157 |         0 |          0 |         0 |         0 |       0 |         0 |       0 |    428699 | Deluge 1.3.15     |           1 | -DE13F0-oIa8X3)-CEe! | 935628 | 1510414857 |    |
| 10095 |      1 |       157 |         0 |          0 |         0 |         0 |       0 |         0 |       0 |    427869 | Deluge 1.3.15     |           1 | -DE13F0-oIa8X3)-CEe! | 935630 | 1510414025 |    |
| 10095 |      1 |       157 |         0 |          0 |         0 |         0 |       0 |         0 |       0 |    429223 | Deluge 1.3.15     |           1 | -DE13F0-oIa8X3)-CEe! | 935640 | 1510415387 |    |
| 10095 |      1 |       156 |         0 |          0 |         0 |         0 |       0 |         0 |       0 |    427346 | Deluge 1.3.15     |           1 | -DE13F0-oIa8X3)-CEe! | 935643 | 1510413506 |    |
| 10095 |      1 |       158 |         0 |          0 |         0 |         0 |       0 |         0 |       0 |    427673 | Deluge 1.3.15     |           1 | -DE13F0-oIa8X3)-CEe! | 935696 | 1510413831 |    |
| 10095 |      1 |       158 |         0 |          0 |         0 |         0 |       0 |         0 |       0 |    429054 | Deluge 1.3.15     |           1 | -DE13F0-oIa8X3)-CEe! | 935701 | 1510415217 |    |
| 10095 |      1 |       155 |         0 |          0 |         0 |         0 |       0 |         0 |       0 |    427037 | Deluge 1.3.15     |           1 | -DE13F0-oIa8X3)-CEe! | 936637 | 1510413198 |    |
| 10095 |      1 |       159 |         0 |          0 |         0 |         0 |       0 |         0 |       0 |    427327 | Deluge 1.3.15     |           1 | -DE13F0-oIa8X3)-CEe! | 939730 | 1510413490 |    |
| 10095 |      1 |       148 |         0 |          0 |         0 |   9617408 |       0 |         0 |       0 |    427945 | Deluge 1.3.15     |           1 | -DE13F0-oIa8X3)-CEe! | 940972 | 1510414098 |    |
| 10095 |      1 |       157 |         0 |          0 |         0 |   6193152 |       0 |         0 |       0 |    429387 | Deluge 1.3.15     |           1 | -DE13F0-oIa8X3)-CEe! | 941100 | 1510415549 |    |
+-------+--------+-----------+-----------+------------+-----------+-----------+---------+-----------+---------+-----------+-------------------+-------------+----------------------+--------+------------+----+
